Car 0.0 172.160256 57.6 282.87974399999996
Car 0.0 113.919744 159.36 206.079744
Car 47.36 87.03974399999998 362.24 243.20025600000002
Car 86.4 133.76025600000003 967.68 603.519744
Car 204.8 89.600256 512.64 240.63974399999998
Car 237.44 78.08025599999999 352.64 128.64000000000001
Car 327.68 79.35974399999999 410.88 111.35999999999999
Car 441.6 92.799744 600.32 142.719744
Car 450.56 88.959744 605.44 141.440256
Car 586.88 60.800256000000005 795.52 174.72
Car 750.72 72.96000000000001 780.16 94.08
Car 816.0 92.799744 1023.36 269.439744
Car 899.2 78.08025599999999 984.96 100.47974400000001
