Car 310.4 288.0 863.36 613.760256
Car 213.12 211.839744 380.8 261.759744
Car 298.88 216.95999999999998 383.36 268.79999999999995
Car 382.08 199.68 415.36 251.52
Car 408.32 193.280256 514.56 263.04
Car 486.4 197.12025600000004 586.88 250.23974399999997
Car 572.8 203.52 622.72 232.959744
Car 617.6 202.23974399999997 643.84 220.79999999999998
Car 640.0 199.68 699.52 227.199744
Car 725.76 193.92000000000002 828.8 228.48
Car 872.96 183.680256 997.12 230.39999999999998
Car 880.64 184.959744 933.76 204.800256
Car 973.44 178.56 1016.96 197.12025600000004
Car 1005.44 181.119744 1023.36 218.240256
