Car 35.999744 271.89425 171.199488 355.86191
Car 21.600255999999998 46.381930000000004 67.99974399999999 72.77156
Car 136.80025600000002 44.782855000000005 190.399488 72.77156
Car 149.600256 158.33829500000002 231.99948799999999 192.72536
Car 163.999744 119.15348999999999 232.80025600000002 165.53593500000002
Car 202.399744 415.83829499999996 394.399744 514.200205
Car 297.6 54.37885 344.000512 78.36961000000001
Car 299.200512 331.071355 450.40025599999996 450.22536
Car 354.400256 224.71252500000003 461.59974400000004 316.677105
Car 360.800256 40.784394999999996 416.799744 71.172485
