Car 204.000256 289.00005600000003 501.999616 382.999848
Car 312.000512 270.999864 465.999872 401.00003999999996
Car 437.00019199999997 300.000249 577.000448 372.00033600000006
Car 446.000128 281.000349 526.000128 300.000249
Car 476.000256 295.000347 563.00032 328.000245
Car 620.99968 284.000154 787.00032 380.99975100000006
Car 691.9997440000001 300.000249 867.0003199999999 440.00022900000005
Car 792.999936 296.00005500000003 881.000448 326.999856
Car 888.000512 296.999763 952.000512 317.00005200000004
Car 952.000512 296.00005500000003 1018.0003839999999 323.000343
