Car 0.0 388.27184 144.0 509.367057
Car 0.0 418.38530999999995 386.56 682.3593460000001
Car 170.24 367.12820899999997 385.28 473.48701800000003
Car 391.68 381.864617 494.08 432.481064
Car 407.68 369.691508 501.12 397.24167900000003
Car 483.84 377.38003899999995 547.84 413.260078
Car 484.48 391.475793 677.12 517.696242
Car 571.52 373.53543199999996 609.92 390.83513899999997
Car 606.72 381.223963 678.4 490.14538799999997
Car 612.48 374.8174230000001 624.0 383.146608
Car 728.96 365.846901 737.28 395.96037099999995
