Car 0.0 481.40264 12.515328 532.6154290000001
Car 0.0 243.546507 38.684672 265.169582
Car 0.0 232.165759 47.787008 256.065099
Car 39.822336 235.57986800000003 77.369344 257.202943
Car 39.822336 252.65098999999998 84.195328 281.102283
Car 96.710656 217.370902 155.875328 254.92725499999997
Car 223.00467200000003 208.26641899999998 486.96934400000004 261.755473
Car 295.822336 471.15973600000007 364.089344 524.64879
Car 446.00934400000006 459.77898799999997 735.004672 575.862156
Car 494.932992 212.818372 621.227008 240.132398
