Car 0.0 343.24915200000004 81.54316800000001 400.45747200000005
Car 0.0 391.836672 129.37216 476.473344
Car 9.408512 358.139136 260.312064 441.9916800000001
Car 164.655104 379.298304 875.026432 640.260864
Car 249.33580800000001 352.653312 369.298432 384.78336
Car 269.7216 338.546688 696.2575360000001 456.88166399999994
Car 609.224704 348.73497599999996 658.62144 373.02835200000004
Car 673.519616 356.571648 742.51776 382.43251200000003
Car 680.576 358.139136 918.9345279999999 430.236672
Car 802.8917759999999 405.159168 1023.2156160000001 503.11833600000006
Car 884.434944 363.624192 982.444032 415.346688
