Car 4.48 411.59971700000006 195.2 498.656496
Car 293.76 408.39948699999997 389.76 460.889449
Car 372.48 426.962678 397.44 444.246396
Car 396.16 424.40249400000005 431.36 449.36738299999996
Car 433.92 420.56159900000006 480.0 448.08667199999996
Car 480.0 423.121783 516.48 442.965685
Car 512.64 421.841691 528.64 436.56460599999997
Car 527.36 419.281507 556.16 440.40550099999996
Car 552.32 423.121783 612.48 437.844698
Car 730.88 426.962678 776.32 455.768462
Car 833.92 426.962678 857.6 442.965685
Car 868.48 426.962678 890.88 440.40550099999996
Car 907.52 425.68258599999996 929.92 439.125409
