Car 524.16 491.52 677.12 591.36
Car 403.2 494.72025600000006 529.92 574.08
Car 662.4 464.00025600000004 768.0 513.2797439999999
Car 705.92 522.24 736.64 545.919744
Car 736.64 526.08 770.56 556.8
Car 773.12 524.7997439999999 798.72 543.36
Car 786.56 501.12 800.0 515.840256
Car 798.72 489.59999999999997 900.48 579.2002560000001
Car 890.88 475.520256 901.76 485.120256
Car 906.88 476.799744 916.48 485.120256
Car 906.88 495.99974399999996 920.32 503.679744
Car 929.28 510.72 951.68 528.0
Car 933.12 491.52 944.0 503.679744
Car 933.12 482.559744 945.28 491.52
Car 940.16 526.08 954.88 542.079744
