Car 7.688530999999999 956.8 149.28604199999998 1021.44
Car 0.0 636.16 47.412493999999995 666.24
Car 69.83743299999999 640.0 128.142411 671.36
Car 150.56735 718.72 229.375305 760.32
Car 162.741142 858.24 243.471059 914.56
Car 176.836896 751.36 234.50122000000002 807.68
Car 185.80673499999997 646.4 267.81795999999997 679.68
Car 187.08804300000003 791.68 217.201513 832.0
Car 197.980527 800.64 267.81795999999997 849.92
Car 203.105759 744.96 250.518936 779.52
Car 205.028404 837.12 272.943875 882.56
Car 219.124158 709.76 272.943875 748.16
Car 239.626452 732.16 278.710444 771.2
Car 245.39302099999998 877.44 324.200976 924.8
Car 253.72220600000003 788.48 299.212738 830.08
Car 259.48877500000003 809.6 325.482284 870.4
Car 292.16486100000003 832.0 372.894778 886.4
Car 296.009468 728.96 351.75114700000006 772.48
Car 304.979307 697.6 362.643631 728.96
Car 313.308492 900.48 415.18204 963.2
Car 344.70327 700.8 413.260078 736.0
Car 355.59575400000006 856.32 453.62469500000003 914.56
Car 383.787262 900.48 485.01947300000006 949.12
Car 403.00824800000004 683.52 460.672572 718.72
Car 404.289556 705.92 456.828648 757.12
Car 418.38530999999995 938.88 534.3546120000001 1019.52
Car 492.06735000000003 842.88 576.00122 886.4
Car 544.605759 926.72 647.7606149999999 1005.44
Car 632.383553 938.88 682.3593460000001 1007.36
