Car 144.0 618.8797440000001 332.16 754.5600000000001
Car 0.0 570.24 114.56 660.48
Car 71.04 497.91974400000004 175.36 549.12
Car 320.64 430.08000000000004 378.88 480.63974399999995
Car 416.0 393.59999999999997 448.0 406.400256
Car 442.24 390.39974400000006 471.68 417.27974399999994
Car 480.64 424.959744 526.08 459.519744
Car 516.48 499.20000000000005 588.16 557.439744
Car 538.88 393.59999999999997 561.28 408.96
Car 551.04 378.87974399999996 568.32 393.59999999999997
Car 556.16 649.599744 684.8 767.360256
Car 557.44 421.11974399999997 597.12 454.400256
Car 570.88 396.159744 604.16 423.680256
Car 594.56 380.15999999999997 610.56 393.59999999999997
Car 622.08 362.88 640.64 377.600256
Car 635.52 407.679744 664.96 440.96025599999996
Car 975.36 325.760256 1013.76 355.20000000000005
