Car 96.0 427.520256 166.4 475.520256
Car 159.36 422.40000000000003 237.44 471.03974400000004
Car 243.2 411.519744 341.12 504.320256
Car 342.4 407.679744 400.64 475.520256
Car 400.64 403.839744 472.96 501.75974399999996
Car 488.96 423.680256 526.08 476.799744
Car 519.68 421.11974399999997 622.72 489.59999999999997
Car 606.72 423.680256 721.92 484.479744
Car 645.76 428.799744 721.28 474.24
Car 725.76 407.679744 853.76 490.88025600000003
Car 857.6 410.24025600000004 943.36 468.48
Car 1002.88 428.799744 1023.36 501.75974399999996
