Car 0.0 862.4005119999999 65.599488 908.8
Car 7.999488 761.6 67.2 782.400512
Car 60.8 772.799488 134.4 800.0
Car 131.2 800.0 167.99948799999999 839.999488
Car 265.6 836.799488 326.4 881.5994880000001
Car 267.200512 737.599488 321.60051200000004 768.0
Car 295.999488 846.4005119999999 385.60051200000004 905.6
Car 345.6 862.4005119999999 470.4 910.4005119999999
Car 384.0 739.2 428.8 772.799488
Car 393.6 878.4005119999999 553.6 937.6
Car 649.6 769.599488 728.000512 811.200512
Car 883.2 768.0 971.2005119999999 806.4
Car 888.000512 820.799488 984.000512 867.2
