Car 30.72 499.927997 117.76 536.41454
Car 49.92 83.214671 92.16 96.01682299999999
Car 111.36 105.618437 148.48 119.701214
Car 136.32 131.863395 167.04 139.544413
Car 148.48 110.73957099999998 181.12 122.261781
Car 167.04 130.58277 195.84 139.544413
Car 195.84 131.863395 232.32 148.506056
Car 219.52 110.73957099999998 258.56 126.10229
Car 233.6 135.703904 272.0 149.785998
Car 261.12 112.01951299999999 298.24 128.662857
Car 268.8 133.143337 298.24 151.066623
Car 284.8 464.721396 346.24 498.007401
Car 320.0 117.140647 359.68 130.58277
Car 357.12 124.821665 385.92 133.143337
Car 380.8 119.701214 413.44 133.143337
Car 409.6 123.54172299999999 439.68 138.264471
Car 412.16 414.79273 468.48 446.79879300000005
Car 437.12 143.38492200000002 614.4 168.349255
Car 456.96 124.821665 492.16 138.264471
Car 488.32 98.57739 529.92 113.30013799999999
Car 514.56 385.987888 569.6 420.553835
Car 517.12 126.10229 549.76 143.38492200000002
Car 608.64 128.662857 640.64 143.38492200000002
Car 672.0 328.377521 714.88 366.78466
Car 745.6 112.01951299999999 791.04 130.58277
Car 819.84 303.413188 863.36 327.097579
Car 908.16 279.72947999999997 954.24 299.572679
