Car 0.0 98.081228 182.628352 266.52554100000003
Car 48.321536 145.700302 940.146688 591.3310769999999
Car 316.93516800000003 59.701535 331.148288 74.627076
Car 366.67904 13.504000999999999 400.077824 36.247383
Car 398.656512 84.577227 449.820672 115.139079
Car 406.473728 49.040614 440.58316799999994 73.205536
Car 454.795264 0.0 506.67008 24.164922
Car 514.487296 49.040614 568.4940799999999 110.874459
Car 568.4940799999999 0.0 636.71296 24.164922
Car 649.504768 76.75938599999999 706.3541759999999 112.295999
Car 731.225088 2.13231 775.994368 11.371690999999998
