Car 16.23704 742.838272 159.12135999999998 881.1468800000001
Car 0.0 983.74144 106.51384 1023.350784
Car 83.78211999999999 649.33376 172.76012000000003 780.499968
Car 139.63732 194.80064 679.3506000000001 681.151488
Car 157.17316 861.0170880000001 314.99503999999996 1023.350784
Car 270.83108 721.4100480000001 416.313 854.5239039999999
Car 383.1902 600.634368 496.84812000000005 699.9818240000001
Car 393.58196 883.743744 629.99076 1023.350784
Car 496.84812000000005 764.915712 619.5989999999999 903.2243199999999
Car 585.82612 666.866688 679.3506000000001 786.343936
