Car 401.92 607.936666 561.92 741.6825640000001
Car 83.84 586.178436 122.24 633.534088
Car 86.4 583.61923 297.6 728.8842359999999
Car 277.76 595.137572 297.6 619.455008
Car 292.48 591.29838 384.64 666.81066
Car 373.12 598.337154 416.64 634.8140739999999
Car 400.64 582.339244 440.32 619.455008
Car 582.4 582.339244 609.28 613.6962199999999
Car 613.12 578.499286 656.64 625.8549380000001
Car 636.8 587.4584219999999 689.28 639.2928760000001
Car 668.16 582.339244 776.32 662.970702
Car 830.72 587.4584219999999 895.36 623.294966
Car 922.88 591.29838 1023.36 666.81066
