Car 254.08 312.320256 273.92 326.4
Car 256.64 296.319744 269.44 307.839744
Car 276.48 296.319744 289.28 309.759744
Car 296.32 293.76 305.28 302.720256
Car 300.16 296.319744 311.04 306.560256
Car 304.0 297.6 317.44 311.04
Car 378.24 322.56 399.36 339.200256
Car 379.52 328.959744 417.92 356.480256
Car 392.96 316.79999999999995 410.24 326.4
Car 401.92 322.56 407.04 330.24
Car 426.88 335.36025600000005 458.88 359.04
Car 432.64 321.920256 444.16 333.44025600000003
Car 448.0 336.63974399999995 486.4 364.79999999999995
Car 477.44 340.479744 522.24 377.600256
Car 478.72 319.359744 510.72 330.87974399999996
Car 520.96 349.44 583.68 381.44025600000003
Car 570.88 355.20000000000005 613.12 389.76
Car 585.6 327.03974400000004 606.72 343.040256
