Car 286.00012799999996 263.99999 314.99980800000003 284.000279
Car 378.99980800000003 318.000019 506.99980800000003 431.00031999999993
Car 444.000256 257.999835 478.99955199999994 287.99992699999996
Car 485.00019199999997 263.99999 517.000192 288.999839
Car 510.99955199999994 257.999835 531.9997440000001 278.000124
Car 519.999488 261.00025400000004 563.9997440000001 293.00016999999997
Car 558.999552 318.000019 648.999936 411.000031
Car 606.000128 262.000166 659.9997440000001 294.000082
Car 625.999872 297.99973 693.000192 350.99984700000005
Car 734.000128 270.00014500000003 780.99968 312.999776
