Car 92.16 139.520256 935.68 615.039744
Car 0.0 103.040256 19.84 119.03999999999999
Car 0.0 108.80025600000002 119.04 223.359744
Car 34.56 110.07974399999999 99.2 138.879744
Car 85.76 110.07974399999999 149.12 140.16
Car 126.72 106.880256 207.36 138.879744
Car 136.32 124.160256 312.32 216.95999999999998
Car 222.08 111.35999999999999 300.16 135.03974399999998
Car 281.6 120.320256 368.64 135.03974399999998
Car 341.12 165.12 510.72 213.12
Car 373.12 122.88 403.2 133.76025600000003
Car 400.64 124.160256 460.16 138.879744
Car 474.88 128.000256 512.0 141.440256
Car 523.52 133.76025600000003 576.64 153.60000000000002
Car 596.48 135.03974399999998 652.16 157.44
Car 718.08 186.24 1023.36 343.68
