Car 0.0 283.520256 232.96 343.040256
Car 49.92 309.759744 918.4 587.52
Car 234.24 256.640256 251.52 267.519744
Car 255.36 259.20000000000005 277.76 279.03974400000004
Car 297.6 261.759744 329.6 282.87974399999996
Car 311.68 229.76025600000003 341.12 238.719744
Car 389.12 257.919744 416.64 282.87974399999996
Car 399.36 231.039744 409.6 238.719744
Car 411.52 259.20000000000005 424.96 279.03974400000004
Car 474.88 255.36 493.44 271.359744
Car 499.84 254.079744 512.0 267.519744
Car 519.68 257.919744 547.84 279.03974400000004
Car 579.2 251.52 606.08 272.64
Car 681.6 245.76 880.0 280.32
