Car 0.0 397.62728 106.88 478.94508
Car 0.0 368.81364 900.48 478.94508
Car 186.88 392.50484 376.96 459.73644
Car 386.56 387.38239999999996 495.36 442.44812
Car 516.48 376.49696000000006 606.72 423.87936
Car 583.04 378.41796 685.44 430.9228
Car 673.92 370.0940800000001 726.4 402.74972
Car 725.12 372.65563999999995 784.0 409.79316
Car 780.16 371.37452 810.24 389.94328
Car 811.52 371.37452 862.72 393.78528000000006
Car 874.24 370.0940800000001 896.64 391.2244
Car 884.48 357.28832 1018.24 434.76480000000004
Car 963.84 363.6912 1008.0 402.74972
