Car 0.0 143.51947299999998 22.4 174.914934
Car 0.0 174.914934 102.4 294.72815999999995
Car 15.36 132.627672 24.96 142.238165
Car 22.4 138.394241 46.72 162.100488
Car 40.32 134.549634 64.0 152.48999500000002
Car 67.84 119.813226 103.68 149.926696
Car 103.68 130.065056 121.6 151.208004
Car 111.36 119.813226 128.64 127.50175699999998
Car 131.2 119.813226 140.16 130.065056
Car 142.72 126.220449 154.88 130.065056
Car 145.28 138.394241 419.84 249.878282
Car 852.48 210.79429000000002 1023.36 320.997023
