Car 683.52 332.799744 831.36 452.480256
Car 0.0 323.840256 129.28 362.240256
Car 0.0 399.36 181.12 547.2
Car 0.0 526.719744 973.44 766.08
Car 313.6 325.760256 419.2 373.119744
Car 330.24 341.12025600000004 419.2 366.080256
Car 424.32 339.84000000000003 503.68 378.24
Car 496.0 335.36025600000005 596.48 381.44025600000003
Car 511.36 341.12025600000004 594.56 368.64
Car 826.88 360.320256 883.84 382.719744
Car 845.44 344.319744 887.68 361.599744
Car 890.24 357.759744 931.2 378.87974399999996
Car 936.32 363.519744 1009.92 420.48
Car 985.6 373.119744 1023.36 447.36
