Car 0.64 463.069925 12.16 490.57275000000004
Car 73.6 463.069925 109.44 494.4103
Car 89.6 466.907475 120.96 509.12110000000007
Car 97.28 481.618275 167.04 526.39065
Car 194.56 475.22254999999996 239.36 511.67985000000004
Car 278.4 469.466225 299.52 493.1315
Car 357.12 476.50192499999997 368.0 497.60844999999995
Car 389.76 466.907475 405.76 491.85212500000006
Car 433.28 473.943175 663.04 574.3606
Car 483.2 497.60844999999995 540.8 523.8319
Car 538.24 501.44599999999997 663.04 570.52305
Car 641.92 489.293375 685.44 520.634325
Car 669.44 491.85212500000006 740.48 546.857775
Car 732.16 488.65397499999995 894.08 574.3606
Car 800.64 494.4103 837.12 515.5174
Car 908.16 507.8423000000001 938.24 540.4614750000001
Car 921.6 512.95865 990.72 564.12675
Car 939.52 495.689675 974.08 514.2380250000001
Car 995.84 501.44599999999997 1023.36 574.3606
