Car 72.32 628.479744 82.56 640.640256
Car 90.88 629.76 97.28 638.079744
Car 99.84 632.319744 106.24 641.919744
Car 173.44 639.36 205.44 659.199744
Car 220.8 634.239744 236.8 661.760256
Car 344.32 641.919744 441.6 685.4399999999999
Car 345.6 647.04 353.28 659.199744
Car 345.6 641.919744 369.28 654.080256
Car 423.68 643.2 452.48 677.76
Car 591.36 643.2 668.16 685.4399999999999
Car 625.92 632.960256 931.2 744.96
Car 853.12 652.8 959.36 710.4000000000001
Car 908.8 645.759744 963.2 665.600256
Car 997.12 643.2 1023.36 717.440256
