Car 225.28 332.88669 334.72 405.8661599999999
Car 0.0 334.80760499999997 58.88 367.456275
Car 0.0 487.16729999999995 1023.36 764.359695
Car 62.08 339.928515 89.6 362.33459999999997
Car 78.72 334.80760499999997 131.84 359.77414500000003
Car 197.76 339.928515 222.72 352.73232
Car 215.68 339.928515 252.8 350.171865
Car 321.28 325.205325 347.52 341.20912500000003
Car 355.84 334.80760499999997 384.64 354.012165
Car 383.36 333.526995 400.0 350.171865
Car 405.76 336.08821500000005 429.44 352.73232
Car 418.56 313.68213000000003 464.64 334.80760499999997
Car 444.8 334.80760499999997 463.36 345.05019
Car 584.96 330.326235 638.72 367.456275
