Car 229.12 255.29078400000003 721.28 412.048056
Car 72.32 270.646404 128.64 334.62903600000004
Car 87.04 280.883484 229.76 358.302504
Car 153.6 263.608044 215.68 296.879436
Car 215.68 278.324508 354.56 357.023016
Car 224.64 264.88811999999996 284.8 307.116516
Car 298.24 259.76958 362.24 301.997976
Car 359.68 275.764944 469.76 316.07410799999997
Car 378.24 268.08684 435.84 286.00202399999995
Car 628.48 266.16760800000003 703.36 300.7179
Car 677.12 270.646404 800.64 354.46345199999996
Car 769.28 270.646404 812.16 286.00202399999995
Car 789.12 271.92589200000003 936.96 355.74294000000003
Car 896.64 259.76958 1023.36 351.90447600000005
