Car 0.0 160.009122 124.16 257.29542
Car 88.96 168.96972 161.28 209.93255100000002
Car 128.64 170.25 922.88 591.3947009999999
Car 163.84 158.729523 231.68 197.77193400000002
Car 297.6 158.089383 396.16 199.05153299999998
Car 311.04 165.129561 382.72 172.809879
Car 375.04 165.129561 440.32 191.371215
Car 537.6 151.688664 628.48 174.090159
Car 613.76 152.968944 752.64 187.531056
Car 697.6 160.009122 768.64 193.93109399999997
Car 704.64 145.288626 805.12 191.371215
Car 784.64 160.009122 823.68 184.331037
Car 810.88 161.289402 847.36 183.05075699999998
Car 826.24 156.80910300000002 863.36 171.53028
Car 835.84 149.128785 918.4 184.331037
Car 855.04 155.528823 878.72 165.129561
Car 898.56 167.690121 924.8 184.331037
Car 919.68 152.968944 947.2 162.569682
Car 937.6 152.968944 961.28 162.569682
Car 951.04 163.849962 978.56 181.770477
Car 957.44 150.409065 979.84 162.569682
Car 973.44 149.128785 995.84 163.849962
