Car 444.8 560.340906 540.16 654.478398
Car 0.0 552.0162839999999 67.2 598.124163
Car 0.0 517.4351939999999 78.72 563.543073
Car 0.0 573.148851 110.08 646.153053
Car 68.48 498.222915 168.96 571.8676949999999
Car 145.92 541.1293499999999 248.96 621.177741
Car 166.4 507.18883800000003 232.32 543.6909390000001
Car 222.72 573.148851 313.6 653.1972420000001
Car 259.84 538.567761 339.84 610.9321079999999
Car 332.16 583.395207 424.96 659.6015760000001
Car 366.08 559.7003279999999 439.68 618.6161519999999
Car 472.96 551.375706 538.24 597.4835850000001
Car 551.68 496.301904 945.28 662.80302
Car 908.16 382.952856 973.44 392.558634
Car 967.04 401.524557 972.16 409.20932400000004
Car 972.8 581.474196 1023.36 655.118976
Car 976.0 404.086146 986.88 414.972357
Car 988.16 409.20932400000004 1006.08 426.499869
Car 1002.24 409.20932400000004 1023.36 416.253513
